87
1
540 2
2
18
0 15 20 9 12 13 6 16 5 17 8 7 14 2 21 3 24 25 
10
0 22 23 4 1 10 19 11 18 0 

1
546 2
2
18
0 15 20 9 12 13 6 16 5 17 8 7 14 2 21 3 24 25 
10
0 4 22 23 18 19 11 10 1 0 

1
547 2
2
17
0 4 23 22 13 2 18 20 1 7 8 17 5 16 6 24 25 
11
0 15 14 21 12 9 3 10 19 11 0 

1
549 2
2
18
0 15 20 9 12 13 6 16 5 17 8 7 14 2 21 3 24 25 
10
0 23 22 4 1 10 19 11 18 0 

1
551 2
2
17
0 4 23 22 13 2 18 20 1 7 8 17 5 16 6 24 25 
11
0 9 3 10 19 11 14 15 21 12 0 

1
552 2
2
18
0 15 20 9 12 13 6 16 5 17 8 7 14 2 21 3 24 25 
10
0 4 22 23 1 10 19 11 18 0 

1
555 2
2
18
0 15 20 9 12 13 6 16 5 17 8 7 14 2 21 3 24 25 
10
0 4 22 23 18 11 19 10 1 0 

1
556 2
2
18
0 15 20 9 12 13 6 16 5 17 8 7 14 2 21 3 24 25 
10
0 4 23 22 18 1 10 11 19 0 

1
557 2
2
18
0 15 20 9 12 13 6 16 5 17 8 7 14 2 21 3 24 25 
10
0 23 22 4 18 11 19 10 1 0 

1
561 2
2
18
0 15 20 9 12 13 6 16 5 17 8 7 14 2 21 3 24 25 
10
0 11 19 10 1 18 22 23 4 0 

1
562 2
2
18
0 15 20 9 12 13 6 16 5 17 8 7 14 2 21 3 24 25 
10
0 4 23 22 18 19 11 1 10 0 

1
563 2
2
18
0 15 20 9 12 13 6 16 5 17 8 7 14 2 21 3 24 25 
10
0 18 22 23 4 19 11 10 1 0 

1
564 2
2
18
0 15 20 9 12 13 6 16 5 17 8 7 14 2 21 3 24 25 
10
0 1 10 11 19 18 23 22 4 25 

1
565 2
2
18
0 15 20 9 12 13 6 16 5 17 8 7 14 2 21 3 24 25 
10
0 18 19 11 10 4 22 23 1 0 

1
566 2
2
18
0 15 20 9 12 13 6 16 5 17 8 7 14 2 21 3 24 25 
10
0 4 23 22 10 19 11 18 1 0 

1
567 2
2
18
0 6 25 24 3 9 12 15 17 8 7 5 2 21 14 16 10 1 
10
0 13 22 23 4 20 19 11 18 0 

1
568 2
2
18
0 15 20 9 12 13 6 16 5 17 8 7 14 2 21 3 24 25 
10
0 18 22 23 4 11 19 10 1 0 

1
569 2
2
18
0 15 20 9 12 13 6 16 5 17 8 7 14 2 21 3 24 25 
10
0 18 22 23 4 10 19 11 1 0 

1
570 2
2
18
0 15 20 9 12 13 6 16 5 17 8 7 14 2 21 3 24 25 
10
0 4 22 23 18 1 10 19 11 0 

1
571 2
2
18
0 15 20 9 12 13 6 16 5 17 8 7 14 2 21 3 24 25 
10
0 18 1 10 19 11 4 22 23 0 

1
572 2
2
18
0 15 20 9 12 13 6 16 5 17 8 7 14 2 21 3 24 25 
10
0 4 22 23 11 19 10 1 18 0 

2
575 2
2
18
0 15 20 9 12 13 6 16 5 17 8 7 14 2 21 3 24 25 
10
0 18 4 22 23 19 11 10 1 0 
574 3
3
18
0 15 20 9 12 13 6 16 5 17 8 7 14 2 21 3 24 25 
9
0 23 22 4 19 11 10 1 0 
3
0 18 0 

2
577 2
2
18
0 6 25 24 3 9 12 15 17 8 7 5 2 21 14 16 10 1 
10
0 13 23 22 4 20 19 11 18 0 
575 3
3
18
0 15 20 9 12 13 6 16 5 17 8 7 14 2 21 3 24 25 
9
0 4 22 23 1 10 19 11 0 
3
0 18 0 

2
578 2
2
18
0 15 20 9 12 13 6 16 5 17 8 7 14 2 21 3 24 25 
10
0 19 11 10 4 23 22 18 1 0 
577 3
3
17
0 4 23 22 13 2 18 20 1 7 8 17 5 16 6 24 25 
10
0 21 15 12 3 9 10 19 11 0 
3
0 14 0 

2
579 2
2
18
0 6 25 24 3 9 12 15 17 8 7 5 2 21 14 16 10 1 
10
0 4 22 23 13 18 11 19 20 0 
578 3
3
18
0 15 20 9 12 13 6 16 5 17 8 7 14 2 21 3 24 25 
9
0 1 19 11 10 4 22 23 0 
3
0 18 0 

1
580 2
2
18
0 15 20 9 12 13 6 16 5 17 8 7 14 2 21 3 24 25 
10
0 10 11 19 4 23 22 18 1 0 

1
581 2
2
18
0 6 25 24 3 9 12 15 17 8 7 5 2 21 14 16 10 1 
10
0 11 19 20 18 13 22 23 4 0 

1
583 2
2
18
0 15 20 9 12 13 6 16 5 17 8 7 14 2 21 3 24 25 
10
0 11 19 10 4 23 22 18 1 0 

1
584 2
2
18
0 15 20 9 12 13 6 16 5 17 8 7 14 2 21 3 24 25 
10
0 1 19 11 18 10 4 22 23 0 

1
585 2
2
18
0 15 20 9 12 13 6 16 5 17 8 7 14 2 21 3 24 25 
10
0 10 19 11 4 23 22 18 1 0 

1
586 2
2
17
0 5 23 22 13 2 18 20 1 7 8 17 14 15 3 24 25 
11
0 11 19 10 9 12 21 4 6 16 0 

1
587 2
2
18
0 15 20 9 12 13 6 16 5 17 8 7 14 2 21 3 24 25 
10
0 18 11 19 4 23 22 1 10 0 

1
588 2
2
18
0 6 25 24 3 9 12 15 17 8 7 5 2 21 14 16 10 1 
10
0 11 19 18 13 22 23 4 20 0 

1
589 2
2
18
0 15 20 9 12 13 6 16 5 17 8 7 14 2 21 3 24 25 
10
0 18 19 11 4 22 23 1 10 0 

1
590 2
2
18
0 15 20 9 12 13 6 16 5 17 8 7 14 2 21 3 24 25 
10
0 18 1 10 19 11 23 22 4 25 

1
591 2
2
18
0 15 20 9 12 13 6 16 5 17 8 7 14 2 21 3 24 25 
10
0 18 22 23 4 11 19 1 10 0 

1
592 2
2
18
0 15 20 9 12 13 6 16 5 17 8 7 14 2 21 3 24 25 
10
0 11 19 4 23 22 18 10 1 0 

1
593 2
2
17
0 4 23 22 13 2 18 20 1 7 8 17 5 16 6 24 25 
11
0 21 15 3 9 10 19 11 14 12 0 

1
594 2
2
18
0 15 20 9 12 13 6 16 5 17 8 7 14 2 21 3 24 25 
10
0 19 11 18 4 22 23 1 10 0 

1
595 2
2
18
0 15 20 9 12 13 6 16 5 17 8 7 14 2 21 3 24 25 
10
0 11 19 22 23 4 18 10 1 0 

1
596 2
2
18
0 15 20 9 12 13 6 16 5 17 8 7 14 2 21 3 24 25 
10
0 18 11 19 23 22 4 10 1 0 

2
597 2
2
18
0 15 20 9 12 13 6 16 5 17 8 7 14 2 21 3 24 25 
10
0 1 18 4 22 23 11 19 10 0 
596 3
3
18
0 15 20 9 12 13 6 16 5 17 8 7 14 2 21 3 24 25 
9
0 23 22 4 10 11 19 20 1 
3
0 18 0 

1
600 2
2
18
0 15 20 9 12 13 6 16 5 17 8 7 14 2 21 3 24 25 
10
0 18 23 22 4 11 19 1 10 0 

1
601 2
2
18
0 15 20 9 12 13 6 16 5 17 8 7 14 2 21 3 24 25 
10
0 4 19 11 10 1 18 22 23 0 

1
602 2
2
18
0 15 20 9 12 13 6 16 5 17 8 7 14 2 21 3 24 25 
10
0 23 22 4 10 18 11 19 20 1 

1
603 2
2
17
0 4 23 22 13 2 18 20 1 7 8 17 5 16 6 24 25 
11
0 10 19 11 14 12 9 3 15 21 0 

1
604 2
2
17
0 4 23 22 13 2 18 20 1 7 8 17 5 16 6 24 25 
11
0 21 15 12 3 9 14 10 19 11 0 

1
605 2
2
18
0 5 17 8 7 25 24 21 2 15 3 9 12 14 11 19 10 1 
10
0 13 16 22 23 4 20 18 6 0 

1
606 2
2
18
0 15 20 9 12 13 6 16 5 17 8 7 14 2 21 3 24 25 
10
0 4 11 19 10 1 18 22 23 0 

1
607 2
2
18
0 15 20 9 12 13 6 16 5 17 8 7 14 2 21 3 24 25 
10
0 4 10 19 11 1 18 22 23 0 

1
608 2
2
17
0 5 23 22 13 2 18 20 1 7 8 17 14 15 3 24 25 
11
0 11 19 10 9 12 21 6 16 4 0 

2
609 2
2
18
0 15 20 9 12 13 6 16 5 17 8 7 14 2 21 3 24 25 
10
0 23 22 18 4 19 11 10 1 0 
608 3
3
18
0 15 20 9 12 13 6 16 5 17 8 7 14 2 21 3 24 25 
9
0 10 19 11 23 4 22 18 0 
3
0 1 0 

1
610 2
2
18
0 15 20 9 12 13 6 16 5 17 8 7 14 2 21 3 24 25 
10
0 4 18 22 23 1 10 19 11 0 

2
611 2
2
18
0 15 20 9 12 13 6 16 5 17 8 7 14 2 21 3 24 25 
10
0 11 23 22 4 18 19 10 1 0 
610 3
3
18
0 6 25 24 3 9 12 15 17 8 7 5 2 21 14 16 10 1 
9
0 4 22 23 13 20 19 11 0 
3
0 18 0 

1
612 2
2
18
0 15 6 25 23 22 13 2 18 20 7 8 17 5 24 9 3 1 
10
0 11 19 10 4 21 14 16 12 0 

2
613 2
2
18
0 6 25 24 3 9 12 15 17 8 7 5 2 21 14 16 10 1 
10
0 19 11 4 23 22 13 18 20 0 
612 3
3
18
0 5 17 8 7 25 24 21 2 15 3 9 12 14 11 19 10 1 
9
0 4 23 22 13 18 16 6 0 
3
0 20 0 

1
614 2
2
18
0 15 20 9 12 13 6 16 5 17 8 7 14 2 21 3 24 25 
10
0 23 22 18 4 11 19 10 1 0 

1
615 2
2
18
0 6 25 24 3 9 12 15 17 8 7 5 2 21 14 16 10 1 
10
0 4 22 23 18 13 20 19 11 0 

1
616 2
2
17
0 5 23 22 13 2 18 20 1 7 8 17 14 15 3 24 25 
11
0 9 10 19 11 21 12 4 6 16 0 

2
617 2
2
20
0 6 25 2 18 20 7 8 17 21 24 3 9 12 14 15 11 19 10 1 
8
0 4 23 22 5 16 13 0 
616 3
3
18
0 15 20 9 12 13 6 16 5 17 8 7 14 2 21 3 24 25 
9
0 18 11 19 1 10 23 22 0 
3
0 4 0 

1
618 2
2
18
0 6 25 24 3 9 12 15 17 8 7 5 2 21 14 16 10 1 
10
0 11 19 18 23 22 4 13 20 0 

2
619 2
2
17
0 4 23 22 13 2 18 20 1 7 8 17 5 16 6 24 25 
11
0 10 15 14 21 19 11 12 9 3 0 
618 3
3
18
0 6 25 24 3 9 12 15 17 8 7 5 2 21 14 16 10 1 
9
0 20 19 11 18 23 22 4 25 
3
0 13 0 

1
620 2
2
18
0 5 17 8 7 25 24 21 2 15 3 9 12 14 11 19 10 1 
10
0 4 23 22 13 18 20 16 6 0 

1
621 2
2
18
0 15 20 9 12 13 6 16 5 17 8 7 14 2 21 3 24 25 
10
0 11 19 10 4 1 18 22 23 0 

1
622 2
2
18
0 15 20 9 12 13 6 16 5 17 8 7 14 2 21 3 24 25 
10
0 4 11 19 18 1 10 23 22 0 

1
623 2
2
17
0 4 23 22 13 2 18 20 1 7 8 17 5 16 6 24 25 
11
0 10 19 11 21 9 12 14 15 3 0 

1
624 2
2
20
0 1 18 9 12 14 15 11 19 10 17 8 7 20 6 2 21 3 24 25 
8
0 22 23 4 5 16 13 0 

1
625 2
2
17
0 5 23 22 13 2 18 20 1 7 8 17 14 15 3 24 25 
11
0 11 19 10 4 21 16 6 12 9 0 

1
626 2
2
18
0 6 25 24 3 9 12 15 17 8 7 5 2 21 14 16 10 1 
10
0 23 22 4 19 11 18 13 20 0 

1
627 2
2
18
0 15 20 9 12 13 6 16 5 17 8 7 14 2 21 3 24 25 
10
0 4 11 19 18 23 22 1 10 0 

1
628 2
2
18
0 5 17 8 7 25 24 21 2 15 3 9 12 14 11 19 10 1 
10
0 4 22 23 18 16 6 13 20 0 

2
629 2
2
17
0 5 23 22 13 2 18 20 1 7 8 17 14 15 3 24 25 
11
0 9 12 11 19 10 21 4 6 16 0 
628 3
3
9
0 11 19 20 13 23 22 4 25 
18
0 6 25 24 3 9 12 15 17 8 7 5 2 21 14 16 10 1 
3
0 18 0 

2
630 2
2
20
0 18 9 12 14 15 11 19 10 17 8 1 7 20 6 2 21 3 24 25 
8
0 4 23 22 13 16 5 0 
629 3
3
11
0 1 10 11 19 20 13 23 22 4 25 
18
0 15 20 9 12 13 6 16 5 17 8 7 14 2 21 3 24 25 
3
0 18 0 

1
631 2
2
17
0 5 23 22 13 2 18 20 1 7 8 17 14 15 3 24 25 
11
0 9 12 4 21 11 19 16 6 10 0 

2
632 2
2
17
0 4 23 22 13 2 18 20 1 7 8 17 5 16 6 24 25 
11
0 10 11 19 3 21 14 12 9 15 0 
631 3
3
11
0 1 10 11 19 20 18 23 22 4 25 
18
0 15 20 9 12 13 6 16 5 17 8 7 14 2 21 3 24 25 
3
0 13 0 

1
633 2
2
10
0 11 19 20 13 18 23 22 4 25 
18
0 6 25 24 3 9 12 15 17 8 7 5 2 21 14 16 10 1 

1
634 2
2
12
0 1 10 11 19 20 13 18 23 22 4 25 
18
0 15 20 9 12 13 6 16 5 17 8 7 14 2 21 3 24 25 

1
635 2
2
18
0 15 20 9 12 13 6 16 5 17 8 7 14 2 21 3 24 25 
10
0 10 19 11 23 4 1 22 18 0 

1
636 2
2
17
0 4 23 22 13 2 18 20 1 7 8 17 5 16 6 24 25 
11
0 10 15 21 3 9 12 14 11 19 0 

1
637 2
2
18
0 15 20 9 12 13 6 16 5 17 8 7 14 2 21 3 24 25 
10
0 23 22 18 4 11 19 1 10 0 

1
638 2
2
18
0 15 20 9 12 13 6 16 5 17 8 7 14 2 21 3 24 25 
10
0 18 4 11 19 1 10 23 22 0 

1
639 2
2
18
0 15 20 9 12 17 8 7 5 1 10 16 14 2 21 6 24 25 
10
0 4 23 22 13 18 19 11 3 0 

1
640 2
2
18
0 15 20 9 12 13 6 16 5 17 8 7 14 2 21 3 24 25 
10
0 4 10 18 23 22 1 19 11 0 

1
641 2
2
18
0 15 20 9 12 13 6 16 5 17 8 7 14 2 21 3 24 25 
10
0 23 22 18 10 4 11 19 1 0 

1
642 2
2
18
0 15 20 9 12 13 6 16 5 17 8 7 14 2 21 3 24 25 
14
0 18 19 11 10 4 22 23 2 21 1 3 24 25 

1
643 2
2
18
0 6 25 24 3 9 12 15 17 8 7 5 2 21 14 16 10 1 
10
0 18 22 23 4 19 11 13 20 0 

1
644 2
2
18
0 15 20 9 12 17 8 7 5 1 10 16 14 2 21 6 24 25 
10
0 19 11 3 4 23 22 13 18 0 

